2
3
5
8
13
21
34
55
89
144
233
377
610
987
1597
2584
4181
6765
10946
17711
28657
46368
75025
121393
196418
317811
514229
832040
1346269
2178309
3524578
5702887
9227465
14930352
24157817
39088169
63245986
102334155
141422324
165580141
180510493
204668310
219598662
228826127
243756479
267914296
282844648
307002465
321932817
331160282
336863169
346090634
355318099
361020986
370248451
385178803
394406268
400109155
409336620
418564085
424266972
433494437
439197324
448424789
457652254
463355141
472582606
487512958
496740423
502443310
511670775
520898240
526601127
535828592
541531479
550758944
559986409
565689296
574916761
589847113
599074578
604777465
614004930
623232395
628935282
638162747
643865634
653093099
662320564
668023451
671548029
673726338
677250916
682953803
686478381
692181268
695705846
697884155
701408733
707111620
710636198
712814507
716339085
722041972
725566550
731269437
734794015
736972324
740496902
746199789
749724367
761130141
764654719
770357606
773882184
776060493
779585071
785287958
788812536
794515423
798040001
800218310

